# This file was produced by bcftools stats (1.24+htslib-1.24) and can be plotted using plot-vcfstats.
# The command line was:	bcftools stats  ./vcf/accepted.vcf.gz
#
# Definition of sets:
# ID	[2]id	[3]tab-separated file names
ID	0	./vcf/accepted.vcf.gz
# SN, Summary numbers:
#   number of records   .. number of data rows in the VCF
#   number of no-ALTs   .. reference-only sites, ALT is either "." or identical to REF
#   number of SNPs      .. number of rows with a SNP
#   number of MNPs      .. number of rows with a MNP, such as CC>TT
#   number of indels    .. number of rows with an indel
#   number of others    .. number of rows with other type, for example a symbolic allele or
#                          a complex substitution, such as ACT>TCGA
#   number of multiallelic sites     .. number of rows with multiple alternate alleles
#   number of multiallelic SNP sites .. number of rows with multiple alternate alleles, all SNPs
#
#   Note that rows containing multiple types will be counted multiple times, in each
#   counter. For example, a row with a SNP and an indel increments both the SNP and
#   the indel counter.
#
# SN	[2]id	[3]key	[4]value
SN	0	number of samples:	1
SN	0	number of records:	30973
SN	0	number of no-ALTs:	0
SN	0	number of SNPs:	30786
SN	0	number of MNPs:	0
SN	0	number of indels:	187
SN	0	number of others:	0
SN	0	number of multiallelic sites:	0
SN	0	number of multiallelic SNP sites:	0
# TSTV, transitions/transversions
#   - transitions, see https://en.wikipedia.org/wiki/Transition_(genetics)
#   - transversions, see https://en.wikipedia.org/wiki/Transversion
# TSTV	[2]id	[3]ts	[4]tv	[5]ts/tv	[6]ts (1st ALT)	[7]tv (1st ALT)	[8]ts/tv (1st ALT)
TSTV	0	22408	8378	2.67	22408	8378	2.67
# SiS, Singleton stats:
#   - allele count, i.e. the number of singleton genotypes (AC=1)
#   - number of transitions, see above
#   - number of transversions, see above
#   - repeat-consistent, inconsistent and n/a: experimental and useless stats [DEPRECATED]
# SiS	[2]id	[3]allele count	[4]number of SNPs	[5]number of transitions	[6]number of transversions	[7]number of indels	[8]repeat-consistent	[9]repeat-inconsistent	[10]not applicable
SiS	0	1	30786	22408	8378	187	0	0	187
# AF, Stats by non-reference allele frequency:
# AF	[2]id	[3]allele frequency	[4]number of SNPs	[5]number of transitions	[6]number of transversions	[7]number of indels	[8]repeat-consistent	[9]repeat-inconsistent	[10]not applicable
AF	0	0.000000	30786	22408	8378	187	0	0	187
# QUAL, Stats by quality
# QUAL	[2]id	[3]Quality	[4]number of SNPs	[5]number of transitions (1st ALT)	[6]number of transversions (1st ALT)	[7]number of indels
QUAL	0	71.0	0	0	0	1
QUAL	0	79.2	1	1	0	0
QUAL	0	86.4	0	0	0	1
QUAL	0	91.3	1	1	0	0
QUAL	0	91.4	2	1	1	0
QUAL	0	93.4	1	1	0	0
QUAL	0	94.4	1	1	0	0
QUAL	0	95.4	2	1	1	0
QUAL	0	96.4	4	3	1	0
QUAL	0	97.4	10	5	5	0
QUAL	0	98.4	4	2	2	0
QUAL	0	100.4	3	3	0	0
QUAL	0	101.4	2	2	0	0
QUAL	0	102.4	2	1	1	0
QUAL	0	103.4	6	3	3	0
QUAL	0	105.0	1	1	0	0
QUAL	0	105.4	1	1	0	0
QUAL	0	106.4	1	1	0	0
QUAL	0	107.4	5	3	2	0
QUAL	0	109.4	1	0	1	0
QUAL	0	110.4	2	0	2	0
QUAL	0	111.4	2	1	1	0
QUAL	0	112.4	3	1	2	0
QUAL	0	113.3	0	0	0	1
QUAL	0	113.4	2	2	0	0
QUAL	0	114.4	4	3	1	0
QUAL	0	115.1	1	0	1	0
QUAL	0	115.4	9	6	3	0
QUAL	0	116.4	2	1	1	0
QUAL	0	117.0	0	0	0	1
QUAL	0	117.4	10	7	3	0
QUAL	0	118.1	0	0	0	1
QUAL	0	118.4	4	4	0	0
QUAL	0	119.4	3	1	2	0
QUAL	0	120.4	1	1	0	0
QUAL	0	121.4	2	1	1	0
QUAL	0	122.4	1	1	0	0
QUAL	0	123.4	1	1	0	0
QUAL	0	124.2	1	0	1	0
QUAL	0	124.4	5	3	2	0
QUAL	0	125.4	3	2	1	0
QUAL	0	126.1	1	1	0	0
QUAL	0	126.2	1	1	0	0
QUAL	0	126.4	3	3	0	1
QUAL	0	127.4	3	3	0	1
QUAL	0	128.3	0	0	0	1
QUAL	0	128.4	5	2	3	0
QUAL	0	129.4	5	4	1	0
QUAL	0	130.4	8	4	4	0
QUAL	0	131.4	6	3	3	0
QUAL	0	132.2	1	0	1	0
QUAL	0	132.3	0	0	0	1
QUAL	0	132.4	5	3	2	0
QUAL	0	133.2	1	1	0	0
QUAL	0	133.4	2	2	0	0
QUAL	0	134.4	10	8	2	0
QUAL	0	135.1	1	0	1	0
QUAL	0	135.4	8	3	5	0
QUAL	0	136.4	5	2	3	0
QUAL	0	137.4	6	5	1	0
QUAL	0	138.2	1	0	1	0
QUAL	0	138.4	8	3	5	0
QUAL	0	139.4	6	5	1	0
QUAL	0	140.4	9	5	4	0
QUAL	0	141.4	3	2	1	0
QUAL	0	142.1	2	0	2	0
QUAL	0	142.4	16	10	6	0
QUAL	0	143.3	0	0	0	1
QUAL	0	143.4	9	6	3	0
QUAL	0	144.4	8	7	1	0
QUAL	0	145.4	13	9	4	0
QUAL	0	146.4	8	4	4	0
QUAL	0	147.4	2	2	0	0
QUAL	0	148.0	1	1	0	0
QUAL	0	148.4	6	4	2	0
QUAL	0	149.4	5	4	1	0
QUAL	0	150.1	1	1	0	0
QUAL	0	150.4	2	1	1	0
QUAL	0	151.4	3	2	1	0
QUAL	0	152.2	1	0	1	0
QUAL	0	152.3	0	0	0	1
QUAL	0	152.4	5	3	2	0
QUAL	0	153.2	1	1	0	0
QUAL	0	153.4	2	1	1	0
QUAL	0	154.4	6	4	2	0
QUAL	0	155.4	6	2	4	0
QUAL	0	156.4	8	3	5	1
QUAL	0	157.4	8	6	2	1
QUAL	0	158.2	1	1	0	0
QUAL	0	158.4	5	5	0	0
QUAL	0	159.4	8	6	2	0
QUAL	0	160.4	8	7	1	0
QUAL	0	161.1	1	1	0	0
QUAL	0	161.3	2	1	1	0
QUAL	0	161.4	6	6	0	1
QUAL	0	162.4	8	5	3	0
QUAL	0	163.4	7	6	1	0
QUAL	0	164.2	1	0	1	0
QUAL	0	164.4	6	3	3	0
QUAL	0	165.3	1	0	1	0
QUAL	0	165.4	11	6	5	2
QUAL	0	166.4	10	7	3	0
QUAL	0	167.4	15	10	5	0
QUAL	0	168.4	8	8	0	1
QUAL	0	169.4	7	5	2	0
QUAL	0	170.2	1	1	0	1
QUAL	0	170.3	0	0	0	3
QUAL	0	170.4	11	6	5	1
QUAL	0	171.4	8	8	0	0
QUAL	0	172.3	1	1	0	0
QUAL	0	172.4	7	4	3	0
QUAL	0	173.3	1	0	1	1
QUAL	0	173.4	5	3	2	0
QUAL	0	174.2	0	0	0	1
QUAL	0	174.4	11	9	2	0
QUAL	0	175.3	0	0	0	1
QUAL	0	175.4	7	3	4	0
QUAL	0	176.0	1	0	1	1
QUAL	0	176.4	6	5	1	0
QUAL	0	177.1	1	1	0	0
QUAL	0	177.3	2	2	0	1
QUAL	0	177.4	13	11	2	0
QUAL	0	178.3	2	1	1	0
QUAL	0	178.4	16	9	7	0
QUAL	0	179.3	2	1	1	0
QUAL	0	179.4	8	5	3	0
QUAL	0	180.2	0	0	0	1
QUAL	0	180.3	1	0	1	0
QUAL	0	180.4	11	8	3	0
QUAL	0	181.4	8	1	7	0
QUAL	0	182.1	1	0	1	0
QUAL	0	182.4	12	8	4	0
QUAL	0	183.4	16	8	8	0
QUAL	0	184.4	6	3	3	0
QUAL	0	185.3	1	1	0	0
QUAL	0	185.4	11	7	4	1
QUAL	0	186.2	0	0	0	1
QUAL	0	186.3	2	1	1	0
QUAL	0	186.4	16	10	6	1
QUAL	0	187.3	1	1	0	0
QUAL	0	187.4	16	11	5	0
QUAL	0	188.3	3	2	1	0
QUAL	0	188.4	11	7	4	0
QUAL	0	189.4	18	9	9	0
QUAL	0	190.3	2	0	2	0
QUAL	0	190.4	20	15	5	0
QUAL	0	191.3	2	1	1	1
QUAL	0	191.4	20	9	11	0
QUAL	0	192.3	1	0	1	0
QUAL	0	192.4	19	6	13	0
QUAL	0	193.4	20	15	5	0
QUAL	0	194.2	1	1	0	0
QUAL	0	194.4	19	16	3	0
QUAL	0	195.2	1	1	0	0
QUAL	0	195.3	3	1	2	0
QUAL	0	195.4	14	8	6	0
QUAL	0	196.3	1	0	1	0
QUAL	0	196.4	23	12	11	0
QUAL	0	197.3	2	2	0	0
QUAL	0	197.4	22	16	6	1
QUAL	0	198.3	1	1	0	0
QUAL	0	198.4	14	8	6	0
QUAL	0	199.3	1	1	0	0
QUAL	0	199.4	23	14	9	0
QUAL	0	200.2	1	1	0	0
QUAL	0	200.4	9	6	3	0
QUAL	0	201.3	1	0	1	0
QUAL	0	201.4	28	21	7	0
QUAL	0	202.3	2	1	1	0
QUAL	0	202.4	19	11	8	2
QUAL	0	203.3	2	2	0	0
QUAL	0	203.4	33	22	11	0
QUAL	0	204.3	1	1	0	1
QUAL	0	204.4	19	14	5	1
QUAL	0	205.3	1	1	0	0
QUAL	0	205.4	26	20	6	0
QUAL	0	206.3	1	1	0	0
QUAL	0	206.4	22	12	10	0
QUAL	0	207.4	14	8	6	0
QUAL	0	208.4	17	12	5	1
QUAL	0	209.2	1	1	0	0
QUAL	0	209.3	0	0	0	1
QUAL	0	209.4	16	13	3	0
QUAL	0	210.3	1	1	0	0
QUAL	0	210.4	23	16	7	0
QUAL	0	211.3	1	0	1	0
QUAL	0	211.4	23	17	6	0
QUAL	0	212.4	15	8	7	0
QUAL	0	213.4	14	10	4	0
QUAL	0	214.2	0	0	0	1
QUAL	0	214.3	0	0	0	1
QUAL	0	214.4	18	13	5	0
QUAL	0	215.4	31	22	9	0
QUAL	0	216.4	14	10	4	1
QUAL	0	217.4	12	5	7	0
QUAL	0	218.4	19	13	6	0
QUAL	0	219.3	1	1	0	0
QUAL	0	219.4	21	14	7	1
QUAL	0	220.1	1	0	1	0
QUAL	0	220.4	22	14	8	0
QUAL	0	221.3	2	1	1	0
QUAL	0	221.4	15	12	3	0
QUAL	0	222.3	1	0	1	1
QUAL	0	222.4	25	19	6	0
QUAL	0	223.2	1	1	0	0
QUAL	0	223.4	21	15	6	0
QUAL	0	224.3	1	1	0	0
QUAL	0	224.4	26	16	10	1
QUAL	0	225.1	0	0	0	1
QUAL	0	225.3	1	1	0	0
QUAL	0	225.4	28922	21193	7729	7
QUAL	0	226.2	1	1	0	0
QUAL	0	226.3	1	1	0	0
QUAL	0	227.2	1	1	0	0
QUAL	0	227.3	3	2	1	0
QUAL	0	227.9	1	1	0	0
QUAL	0	228.0	1	1	0	0
QUAL	0	228.1	3	0	3	0
QUAL	0	228.2	4	2	2	11
QUAL	0	228.3	81	43	38	108
QUAL	0	228.4	380	258	122	15
# IDD, InDel distribution:
# IDD	[2]id	[3]length (deletions negative)	[4]number of sites	[5]number of genotypes	[6]mean VAF
IDD	0	-13	1	0	.
IDD	0	-10	1	0	.
IDD	0	-8	1	0	.
IDD	0	-7	1	0	.
IDD	0	-6	3	0	.
IDD	0	-5	2	0	.
IDD	0	-4	1	0	.
IDD	0	-3	2	0	.
IDD	0	-2	4	0	.
IDD	0	-1	77	0	.
IDD	0	1	56	0	.
IDD	0	2	6	0	.
IDD	0	3	7	0	.
IDD	0	4	4	0	.
IDD	0	5	5	0	.
IDD	0	6	3	0	.
IDD	0	7	2	0	.
IDD	0	8	4	0	.
IDD	0	9	1	0	.
IDD	0	10	3	0	.
IDD	0	11	1	0	.
IDD	0	12	1	0	.
IDD	0	14	1	0	.
# ST, Substitution types:
# ST	[2]id	[3]type	[4]count
ST	0	A>C	1140
ST	0	A>G	5617
ST	0	A>T	1040
ST	0	C>A	1197
ST	0	C>G	784
ST	0	C>T	5601
ST	0	G>A	5755
ST	0	G>C	821
ST	0	G>T	1215
ST	0	T>A	1045
ST	0	T>C	5435
ST	0	T>G	1136
# DP, depth:
#   - set id, see above
#   - the depth bin, corresponds to the depth (unless --depth was given)
#   - number of genotypes with this depth (zero unless -s/-S was given)
#   - fraction of genotypes with this depth (zero unless -s/-S was given)
#   - number of sites with this depth
#   - fraction of sites with this depth
# DP, Depth distribution
# DP	[2]id	[3]bin	[4]number of genotypes	[5]fraction of genotypes (%)	[6]number of sites	[7]fraction of sites (%)
DP	0	10	0	0.000000	15	0.048429
DP	0	11	0	0.000000	30	0.096859
DP	0	12	0	0.000000	24	0.077487
DP	0	13	0	0.000000	31	0.100087
DP	0	14	0	0.000000	37	0.119459
DP	0	15	0	0.000000	26	0.083944
DP	0	16	0	0.000000	24	0.077487
DP	0	17	0	0.000000	28	0.090401
DP	0	18	0	0.000000	30	0.096859
DP	0	19	0	0.000000	31	0.100087
DP	0	20	0	0.000000	23	0.074258
DP	0	21	0	0.000000	27	0.087173
DP	0	22	0	0.000000	31	0.100087
DP	0	23	0	0.000000	32	0.103316
DP	0	24	0	0.000000	23	0.074258
DP	0	25	0	0.000000	26	0.083944
DP	0	26	0	0.000000	32	0.103316
DP	0	27	0	0.000000	23	0.074258
DP	0	28	0	0.000000	26	0.083944
DP	0	29	0	0.000000	33	0.106544
DP	0	30	0	0.000000	42	0.135602
DP	0	31	0	0.000000	29	0.093630
DP	0	32	0	0.000000	29	0.093630
DP	0	33	0	0.000000	30	0.096859
DP	0	34	0	0.000000	28	0.090401
DP	0	35	0	0.000000	25	0.080715
DP	0	36	0	0.000000	27	0.087173
DP	0	37	0	0.000000	28	0.090401
DP	0	38	0	0.000000	33	0.106544
DP	0	39	0	0.000000	36	0.116230
DP	0	40	0	0.000000	27	0.087173
DP	0	41	0	0.000000	38	0.122688
DP	0	42	0	0.000000	22	0.071030
DP	0	43	0	0.000000	28	0.090401
DP	0	44	0	0.000000	21	0.067801
DP	0	45	0	0.000000	24	0.077487
DP	0	46	0	0.000000	27	0.087173
DP	0	47	0	0.000000	32	0.103316
DP	0	48	0	0.000000	37	0.119459
DP	0	49	0	0.000000	35	0.113002
DP	0	50	0	0.000000	26	0.083944
DP	0	51	0	0.000000	29	0.093630
DP	0	52	0	0.000000	38	0.122688
DP	0	53	0	0.000000	29	0.093630
DP	0	54	0	0.000000	29	0.093630
DP	0	55	0	0.000000	40	0.129145
DP	0	56	0	0.000000	34	0.109773
DP	0	57	0	0.000000	39	0.125916
DP	0	58	0	0.000000	40	0.129145
DP	0	59	0	0.000000	42	0.135602
DP	0	60	0	0.000000	44	0.142059
DP	0	61	0	0.000000	48	0.154974
DP	0	62	0	0.000000	44	0.142059
DP	0	63	0	0.000000	40	0.129145
DP	0	64	0	0.000000	33	0.106544
DP	0	65	0	0.000000	34	0.109773
DP	0	66	0	0.000000	53	0.171117
DP	0	67	0	0.000000	29	0.093630
DP	0	68	0	0.000000	28	0.090401
DP	0	69	0	0.000000	32	0.103316
DP	0	70	0	0.000000	48	0.154974
DP	0	71	0	0.000000	36	0.116230
DP	0	72	0	0.000000	28	0.090401
DP	0	73	0	0.000000	36	0.116230
DP	0	74	0	0.000000	47	0.151745
DP	0	75	0	0.000000	32	0.103316
DP	0	76	0	0.000000	33	0.106544
DP	0	77	0	0.000000	33	0.106544
DP	0	78	0	0.000000	32	0.103316
DP	0	79	0	0.000000	37	0.119459
DP	0	80	0	0.000000	34	0.109773
DP	0	81	0	0.000000	40	0.129145
DP	0	82	0	0.000000	42	0.135602
DP	0	83	0	0.000000	33	0.106544
DP	0	84	0	0.000000	39	0.125916
DP	0	85	0	0.000000	49	0.158202
DP	0	86	0	0.000000	50	0.161431
DP	0	87	0	0.000000	52	0.167888
DP	0	88	0	0.000000	55	0.177574
DP	0	89	0	0.000000	55	0.177574
DP	0	90	0	0.000000	71	0.229232
DP	0	91	0	0.000000	61	0.196946
DP	0	92	0	0.000000	65	0.209860
DP	0	93	0	0.000000	61	0.196946
DP	0	94	0	0.000000	68	0.219546
DP	0	95	0	0.000000	70	0.226003
DP	0	96	0	0.000000	78	0.251832
DP	0	97	0	0.000000	87	0.280890
DP	0	98	0	0.000000	77	0.248604
DP	0	99	0	0.000000	65	0.209860
DP	0	100	0	0.000000	90	0.290576
DP	0	101	0	0.000000	101	0.326090
DP	0	102	0	0.000000	90	0.290576
DP	0	103	0	0.000000	109	0.351919
DP	0	104	0	0.000000	110	0.355148
DP	0	105	0	0.000000	87	0.280890
DP	0	106	0	0.000000	132	0.426178
DP	0	107	0	0.000000	150	0.484293
DP	0	108	0	0.000000	123	0.397120
DP	0	109	0	0.000000	147	0.474607
DP	0	110	0	0.000000	139	0.448778
DP	0	111	0	0.000000	163	0.526265
DP	0	112	0	0.000000	197	0.636038
DP	0	113	0	0.000000	176	0.568237
DP	0	114	0	0.000000	202	0.652181
DP	0	115	0	0.000000	191	0.616666
DP	0	116	0	0.000000	190	0.613438
DP	0	117	0	0.000000	194	0.626352
DP	0	118	0	0.000000	190	0.613438
DP	0	119	0	0.000000	224	0.723211
DP	0	120	0	0.000000	218	0.703839
DP	0	121	0	0.000000	206	0.665095
DP	0	122	0	0.000000	215	0.694153
DP	0	123	0	0.000000	211	0.681238
DP	0	124	0	0.000000	208	0.671553
DP	0	125	0	0.000000	208	0.671553
DP	0	126	0	0.000000	218	0.703839
DP	0	127	0	0.000000	225	0.726439
DP	0	128	0	0.000000	218	0.703839
DP	0	129	0	0.000000	207	0.668324
DP	0	130	0	0.000000	205	0.661867
DP	0	131	0	0.000000	196	0.632809
DP	0	132	0	0.000000	238	0.768411
DP	0	133	0	0.000000	233	0.752268
DP	0	134	0	0.000000	219	0.707067
DP	0	135	0	0.000000	197	0.636038
DP	0	136	0	0.000000	221	0.713525
DP	0	137	0	0.000000	210	0.678010
DP	0	138	0	0.000000	192	0.619895
DP	0	139	0	0.000000	214	0.690924
DP	0	140	0	0.000000	193	0.623123
DP	0	141	0	0.000000	186	0.600523
DP	0	142	0	0.000000	156	0.503664
DP	0	143	0	0.000000	174	0.561780
DP	0	144	0	0.000000	189	0.610209
DP	0	145	0	0.000000	170	0.548865
DP	0	146	0	0.000000	183	0.590837
DP	0	147	0	0.000000	179	0.577923
DP	0	148	0	0.000000	150	0.484293
DP	0	149	0	0.000000	150	0.484293
DP	0	150	0	0.000000	168	0.542408
DP	0	151	0	0.000000	170	0.548865
DP	0	152	0	0.000000	151	0.487521
DP	0	153	0	0.000000	183	0.590837
DP	0	154	0	0.000000	149	0.481064
DP	0	155	0	0.000000	160	0.516579
DP	0	156	0	0.000000	151	0.487521
DP	0	157	0	0.000000	150	0.484293
DP	0	158	0	0.000000	157	0.506893
DP	0	159	0	0.000000	152	0.490750
DP	0	160	0	0.000000	166	0.535951
DP	0	161	0	0.000000	137	0.442321
DP	0	162	0	0.000000	165	0.532722
DP	0	163	0	0.000000	148	0.477836
DP	0	164	0	0.000000	156	0.503664
DP	0	165	0	0.000000	141	0.455235
DP	0	166	0	0.000000	159	0.513350
DP	0	167	0	0.000000	152	0.490750
DP	0	168	0	0.000000	155	0.500436
DP	0	169	0	0.000000	168	0.542408
DP	0	170	0	0.000000	175	0.565008
DP	0	171	0	0.000000	175	0.565008
DP	0	172	0	0.000000	164	0.529493
DP	0	173	0	0.000000	144	0.464921
DP	0	174	0	0.000000	151	0.487521
DP	0	175	0	0.000000	141	0.455235
DP	0	176	0	0.000000	151	0.487521
DP	0	177	0	0.000000	175	0.565008
DP	0	178	0	0.000000	161	0.519808
DP	0	179	0	0.000000	156	0.503664
DP	0	180	0	0.000000	149	0.481064
DP	0	181	0	0.000000	185	0.597294
DP	0	182	0	0.000000	150	0.484293
DP	0	183	0	0.000000	148	0.477836
DP	0	184	0	0.000000	173	0.558551
DP	0	185	0	0.000000	169	0.545637
DP	0	186	0	0.000000	165	0.532722
DP	0	187	0	0.000000	171	0.552094
DP	0	188	0	0.000000	152	0.490750
DP	0	189	0	0.000000	166	0.535951
DP	0	190	0	0.000000	162	0.523036
DP	0	191	0	0.000000	143	0.461692
DP	0	192	0	0.000000	155	0.500436
DP	0	193	0	0.000000	194	0.626352
DP	0	194	0	0.000000	183	0.590837
DP	0	195	0	0.000000	154	0.497207
DP	0	196	0	0.000000	179	0.577923
DP	0	197	0	0.000000	166	0.535951
DP	0	198	0	0.000000	150	0.484293
DP	0	199	0	0.000000	176	0.568237
DP	0	200	0	0.000000	180	0.581151
DP	0	201	0	0.000000	152	0.490750
DP	0	202	0	0.000000	170	0.548865
DP	0	203	0	0.000000	172	0.555322
DP	0	204	0	0.000000	171	0.552094
DP	0	205	0	0.000000	170	0.548865
DP	0	206	0	0.000000	169	0.545637
DP	0	207	0	0.000000	151	0.487521
DP	0	208	0	0.000000	172	0.555322
DP	0	209	0	0.000000	175	0.565008
DP	0	210	0	0.000000	154	0.497207
DP	0	211	0	0.000000	167	0.539179
DP	0	212	0	0.000000	157	0.506893
DP	0	213	0	0.000000	156	0.503664
DP	0	214	0	0.000000	157	0.506893
DP	0	215	0	0.000000	147	0.474607
DP	0	216	0	0.000000	139	0.448778
DP	0	217	0	0.000000	147	0.474607
DP	0	218	0	0.000000	152	0.490750
DP	0	219	0	0.000000	132	0.426178
DP	0	220	0	0.000000	167	0.539179
DP	0	221	0	0.000000	131	0.422949
DP	0	222	0	0.000000	132	0.426178
DP	0	223	0	0.000000	150	0.484293
DP	0	224	0	0.000000	159	0.513350
DP	0	225	0	0.000000	134	0.432635
DP	0	226	0	0.000000	143	0.461692
DP	0	227	0	0.000000	152	0.490750
DP	0	228	0	0.000000	142	0.458464
DP	0	229	0	0.000000	170	0.548865
DP	0	230	0	0.000000	156	0.503664
DP	0	231	0	0.000000	155	0.500436
DP	0	232	0	0.000000	136	0.439092
DP	0	233	0	0.000000	135	0.435863
DP	0	234	0	0.000000	133	0.429406
DP	0	235	0	0.000000	134	0.432635
DP	0	236	0	0.000000	129	0.416492
DP	0	237	0	0.000000	141	0.455235
DP	0	238	0	0.000000	126	0.406806
DP	0	239	0	0.000000	126	0.406806
DP	0	240	0	0.000000	128	0.413263
DP	0	241	0	0.000000	132	0.426178
DP	0	242	0	0.000000	121	0.390663
DP	0	243	0	0.000000	122	0.393891
DP	0	244	0	0.000000	125	0.403577
DP	0	245	0	0.000000	128	0.413263
DP	0	246	0	0.000000	116	0.374520
DP	0	247	0	0.000000	113	0.364834
DP	0	248	0	0.000000	117	0.377748
DP	0	249	0	0.000000	112	0.361605
DP	0	250	0	0.000000	110	0.355148
DP	0	251	0	0.000000	82	0.264747
DP	0	252	0	0.000000	93	0.300262
DP	0	253	0	0.000000	107	0.345462
DP	0	254	0	0.000000	75	0.242146
DP	0	255	0	0.000000	94	0.303490
DP	0	256	0	0.000000	78	0.251832
DP	0	257	0	0.000000	68	0.219546
DP	0	258	0	0.000000	78	0.251832
DP	0	259	0	0.000000	93	0.300262
DP	0	260	0	0.000000	75	0.242146
DP	0	261	0	0.000000	79	0.255061
DP	0	262	0	0.000000	78	0.251832
DP	0	263	0	0.000000	55	0.177574
DP	0	264	0	0.000000	68	0.219546
DP	0	265	0	0.000000	65	0.209860
DP	0	266	0	0.000000	53	0.171117
DP	0	267	0	0.000000	59	0.190488
DP	0	268	0	0.000000	64	0.206632
DP	0	269	0	0.000000	71	0.229232
DP	0	270	0	0.000000	50	0.161431
DP	0	271	0	0.000000	65	0.209860
DP	0	272	0	0.000000	60	0.193717
DP	0	273	0	0.000000	58	0.187260
DP	0	274	0	0.000000	52	0.167888
DP	0	275	0	0.000000	62	0.200174
DP	0	276	0	0.000000	49	0.158202
DP	0	277	0	0.000000	57	0.184031
DP	0	278	0	0.000000	56	0.180803
DP	0	279	0	0.000000	56	0.180803
DP	0	280	0	0.000000	49	0.158202
DP	0	281	0	0.000000	44	0.142059
DP	0	282	0	0.000000	43	0.138831
DP	0	283	0	0.000000	44	0.142059
DP	0	284	0	0.000000	38	0.122688
DP	0	285	0	0.000000	41	0.132373
DP	0	286	0	0.000000	36	0.116230
DP	0	287	0	0.000000	40	0.129145
DP	0	288	0	0.000000	41	0.132373
DP	0	289	0	0.000000	35	0.113002
DP	0	290	0	0.000000	39	0.125916
DP	0	291	0	0.000000	40	0.129145
DP	0	292	0	0.000000	30	0.096859
DP	0	293	0	0.000000	27	0.087173
DP	0	294	0	0.000000	21	0.067801
DP	0	295	0	0.000000	32	0.103316
DP	0	296	0	0.000000	29	0.093630
DP	0	297	0	0.000000	28	0.090401
DP	0	298	0	0.000000	20	0.064572
DP	0	299	0	0.000000	24	0.077487
DP	0	300	0	0.000000	30	0.096859
DP	0	301	0	0.000000	26	0.083944
DP	0	302	0	0.000000	23	0.074258
DP	0	303	0	0.000000	29	0.093630
DP	0	304	0	0.000000	26	0.083944
DP	0	305	0	0.000000	27	0.087173
DP	0	306	0	0.000000	23	0.074258
DP	0	307	0	0.000000	21	0.067801
DP	0	308	0	0.000000	24	0.077487
DP	0	309	0	0.000000	20	0.064572
DP	0	310	0	0.000000	16	0.051658
DP	0	311	0	0.000000	15	0.048429
DP	0	312	0	0.000000	15	0.048429
DP	0	313	0	0.000000	14	0.045201
DP	0	314	0	0.000000	20	0.064572
DP	0	315	0	0.000000	12	0.038743
DP	0	316	0	0.000000	14	0.045201
DP	0	317	0	0.000000	9	0.029058
DP	0	318	0	0.000000	9	0.029058
DP	0	319	0	0.000000	4	0.012914
DP	0	320	0	0.000000	13	0.041972
DP	0	321	0	0.000000	7	0.022600
DP	0	322	0	0.000000	7	0.022600
DP	0	323	0	0.000000	6	0.019372
DP	0	324	0	0.000000	6	0.019372
DP	0	325	0	0.000000	5	0.016143
DP	0	326	0	0.000000	5	0.016143
DP	0	327	0	0.000000	2	0.006457
DP	0	328	0	0.000000	9	0.029058
DP	0	329	0	0.000000	5	0.016143
DP	0	330	0	0.000000	2	0.006457
DP	0	331	0	0.000000	2	0.006457
DP	0	332	0	0.000000	7	0.022600
DP	0	334	0	0.000000	2	0.006457
DP	0	335	0	0.000000	6	0.019372
DP	0	336	0	0.000000	6	0.019372
DP	0	337	0	0.000000	2	0.006457
DP	0	339	0	0.000000	3	0.009686
DP	0	340	0	0.000000	3	0.009686
DP	0	342	0	0.000000	2	0.006457
DP	0	343	0	0.000000	1	0.003229
DP	0	344	0	0.000000	2	0.006457
DP	0	346	0	0.000000	3	0.009686
DP	0	347	0	0.000000	1	0.003229
DP	0	349	0	0.000000	1	0.003229
DP	0	350	0	0.000000	1	0.003229
DP	0	353	0	0.000000	1	0.003229
DP	0	354	0	0.000000	1	0.003229
DP	0	356	0	0.000000	1	0.003229
DP	0	357	0	0.000000	2	0.006457
DP	0	358	0	0.000000	1	0.003229
DP	0	362	0	0.000000	1	0.003229
DP	0	363	0	0.000000	1	0.003229
DP	0	367	0	0.000000	1	0.003229
DP	0	373	0	0.000000	1	0.003229
DP	0	375	0	0.000000	1	0.003229
