# This file was produced by bcftools stats (1.24+htslib-1.24) and can be plotted using plot-vcfstats.
# The command line was:	bcftools stats  ./vcf/evaluated.vcf.gz
#
# Definition of sets:
# ID	[2]id	[3]tab-separated file names
ID	0	./vcf/evaluated.vcf.gz
# SN, Summary numbers:
#   number of records   .. number of data rows in the VCF
#   number of no-ALTs   .. reference-only sites, ALT is either "." or identical to REF
#   number of SNPs      .. number of rows with a SNP
#   number of MNPs      .. number of rows with a MNP, such as CC>TT
#   number of indels    .. number of rows with an indel
#   number of others    .. number of rows with other type, for example a symbolic allele or
#                          a complex substitution, such as ACT>TCGA
#   number of multiallelic sites     .. number of rows with multiple alternate alleles
#   number of multiallelic SNP sites .. number of rows with multiple alternate alleles, all SNPs
#
#   Note that rows containing multiple types will be counted multiple times, in each
#   counter. For example, a row with a SNP and an indel increments both the SNP and
#   the indel counter.
#
# SN	[2]id	[3]key	[4]value
SN	0	number of samples:	1
SN	0	number of records:	33203
SN	0	number of no-ALTs:	0
SN	0	number of SNPs:	32562
SN	0	number of MNPs:	0
SN	0	number of indels:	641
SN	0	number of others:	0
SN	0	number of multiallelic sites:	0
SN	0	number of multiallelic SNP sites:	0
# TSTV, transitions/transversions
#   - transitions, see https://en.wikipedia.org/wiki/Transition_(genetics)
#   - transversions, see https://en.wikipedia.org/wiki/Transversion
# TSTV	[2]id	[3]ts	[4]tv	[5]ts/tv	[6]ts (1st ALT)	[7]tv (1st ALT)	[8]ts/tv (1st ALT)
TSTV	0	23257	9305	2.50	23257	9305	2.50
# SiS, Singleton stats:
#   - allele count, i.e. the number of singleton genotypes (AC=1)
#   - number of transitions, see above
#   - number of transversions, see above
#   - repeat-consistent, inconsistent and n/a: experimental and useless stats [DEPRECATED]
# SiS	[2]id	[3]allele count	[4]number of SNPs	[5]number of transitions	[6]number of transversions	[7]number of indels	[8]repeat-consistent	[9]repeat-inconsistent	[10]not applicable
SiS	0	1	32128	23199	8929	507	0	0	507
# AF, Stats by non-reference allele frequency:
# AF	[2]id	[3]allele frequency	[4]number of SNPs	[5]number of transitions	[6]number of transversions	[7]number of indels	[8]repeat-consistent	[9]repeat-inconsistent	[10]not applicable
AF	0	0.000000	32562	23257	9305	641	0	0	641
# QUAL, Stats by quality
# QUAL	[2]id	[3]Quality	[4]number of SNPs	[5]number of transitions (1st ALT)	[6]number of transversions (1st ALT)	[7]number of indels
QUAL	0	3.2	1	1	0	1
QUAL	0	4.6	0	0	0	1
QUAL	0	5.0	0	0	0	2
QUAL	0	5.2	0	0	0	1
QUAL	0	5.6	1	1	0	0
QUAL	0	5.7	1	1	0	0
QUAL	0	6.5	0	0	0	4
QUAL	0	7.0	1	1	0	0
QUAL	0	7.3	0	0	0	1
QUAL	0	7.4	0	0	0	1
QUAL	0	7.6	1	0	1	1
QUAL	0	8.1	27	15	12	0
QUAL	0	8.5	1	0	1	2
QUAL	0	8.9	1	0	1	1
QUAL	0	9.1	0	0	0	2
QUAL	0	9.3	1	1	0	0
QUAL	0	9.8	1	0	1	1
QUAL	0	10.7	3	0	3	1
QUAL	0	10.8	0	0	0	1
QUAL	0	11.0	0	0	0	1
QUAL	0	11.7	3	3	0	0
QUAL	0	12.1	1	0	1	2
QUAL	0	12.6	86	45	41	1
QUAL	0	13.6	12	4	8	2
QUAL	0	14.1	0	0	0	3
QUAL	0	14.2	0	0	0	2
QUAL	0	14.5	3	1	2	1
QUAL	0	14.9	2	0	2	0
QUAL	0	15.2	0	0	0	1
QUAL	0	15.5	2	1	1	3
QUAL	0	15.7	1	1	0	0
QUAL	0	16.5	10	4	6	0
QUAL	0	16.8	0	0	0	1
QUAL	0	16.9	0	0	0	2
QUAL	0	17.0	0	0	0	1
QUAL	0	18.4	4	3	1	0
QUAL	0	18.8	0	0	0	1
QUAL	0	19.0	1	1	0	0
QUAL	0	19.1	0	0	0	2
QUAL	0	19.9	0	0	0	2
QUAL	0	20.3	0	0	0	1
QUAL	0	21.0	2	1	1	0
QUAL	0	21.3	0	0	0	1
QUAL	0	22.4	3	1	2	0
QUAL	0	23.2	0	0	0	1
QUAL	0	23.4	2	0	2	0
QUAL	0	23.5	0	0	0	3
QUAL	0	24.0	1	1	0	0
QUAL	0	24.4	1	1	0	1
QUAL	0	25.4	4	2	2	1
QUAL	0	26.2	0	0	0	1
QUAL	0	26.4	1	1	0	0
QUAL	0	26.6	1	1	0	0
QUAL	0	26.9	0	0	0	2
QUAL	0	27.4	66	41	25	1
QUAL	0	28.4	17	12	5	4
QUAL	0	28.5	1	1	0	1
QUAL	0	29.0	0	0	0	1
QUAL	0	29.4	9	3	6	3
QUAL	0	29.5	1	1	0	1
QUAL	0	29.9	1	1	0	0
QUAL	0	30.4	2	1	1	0
QUAL	0	30.5	0	0	0	3
QUAL	0	30.7	1	1	0	0
QUAL	0	32.0	2	0	2	0
QUAL	0	32.4	1	0	1	2
QUAL	0	32.5	0	0	0	2
QUAL	0	32.9	2	1	1	0
QUAL	0	33.4	0	0	0	1
QUAL	0	34.4	18	10	8	3
QUAL	0	35.2	0	0	0	2
QUAL	0	35.4	15	8	7	2
QUAL	0	36.4	6	4	2	1
QUAL	0	37.0	0	0	0	2
QUAL	0	37.3	0	0	0	2
QUAL	0	37.4	16	7	9	0
QUAL	0	37.6	1	1	0	0
QUAL	0	38.2	0	0	0	1
QUAL	0	38.4	4	3	1	4
QUAL	0	39.2	0	0	0	2
QUAL	0	39.4	52	28	24	5
QUAL	0	39.8	2	2	0	0
QUAL	0	40.4	6	2	4	1
QUAL	0	40.7	0	0	0	1
QUAL	0	41.4	6	4	2	1
QUAL	0	42.4	1	1	0	1
QUAL	0	43.8	0	0	0	1
QUAL	0	43.9	0	0	0	1
QUAL	0	44.3	0	0	0	2
QUAL	0	44.4	0	0	0	3
QUAL	0	44.5	1	1	0	0
QUAL	0	44.7	0	0	0	1
QUAL	0	44.9	0	0	0	1
QUAL	0	45.4	1	0	1	2
QUAL	0	45.8	0	0	0	1
QUAL	0	46.3	0	0	0	1
QUAL	0	46.4	2	1	1	0
QUAL	0	47.0	0	0	0	1
QUAL	0	47.4	1	1	0	2
QUAL	0	47.6	0	0	0	2
QUAL	0	48.4	10	4	6	0
QUAL	0	49.4	33	21	12	4
QUAL	0	49.8	0	0	0	1
QUAL	0	50.0	1	1	0	0
QUAL	0	50.2	0	0	0	1
QUAL	0	50.4	4	1	3	0
QUAL	0	51.0	0	0	0	2
QUAL	0	51.1	0	0	0	1
QUAL	0	51.4	15	8	7	1
QUAL	0	52.1	1	1	0	1
QUAL	0	52.4	2	1	1	1
QUAL	0	53.2	0	0	0	1
QUAL	0	53.4	4	4	0	0
QUAL	0	54.4	8	3	5	0
QUAL	0	54.6	0	0	0	2
QUAL	0	54.7	0	0	0	3
QUAL	0	55.3	0	0	0	3
QUAL	0	55.4	0	0	0	1
QUAL	0	55.5	0	0	0	2
QUAL	0	55.9	0	0	0	3
QUAL	0	56.0	1	1	0	0
QUAL	0	56.1	0	0	0	2
QUAL	0	56.4	29	20	9	1
QUAL	0	56.7	0	0	0	2
QUAL	0	57.2	1	0	1	0
QUAL	0	57.4	13	8	5	2
QUAL	0	58.4	4	2	2	2
QUAL	0	58.5	0	0	0	2
QUAL	0	58.9	0	0	0	1
QUAL	0	59.4	2	1	1	0
QUAL	0	60.2	2	1	1	0
QUAL	0	60.4	4	2	2	0
QUAL	0	60.5	0	0	0	3
QUAL	0	60.7	0	0	0	1
QUAL	0	60.9	0	0	0	2
QUAL	0	61.3	0	0	0	2
QUAL	0	61.4	3	0	3	5
QUAL	0	61.7	1	1	0	0
QUAL	0	61.9	0	0	0	3
QUAL	0	62.1	0	0	0	2
QUAL	0	62.4	23	10	13	0
QUAL	0	63.2	1	0	1	1
QUAL	0	63.4	9	2	7	1
QUAL	0	63.7	0	0	0	1
QUAL	0	64.4	6	3	3	1
QUAL	0	64.5	0	0	0	2
QUAL	0	65.4	4	3	1	3
QUAL	0	66.1	1	1	0	0
QUAL	0	66.2	0	0	0	1
QUAL	0	66.4	4	3	1	2
QUAL	0	67.2	0	0	0	2
QUAL	0	67.3	0	0	0	1
QUAL	0	67.4	13	8	5	1
QUAL	0	68.1	0	0	0	1
QUAL	0	68.3	0	0	0	2
QUAL	0	68.4	7	2	5	4
QUAL	0	68.6	0	0	0	3
QUAL	0	69.1	1	0	1	0
QUAL	0	69.4	3	1	2	4
QUAL	0	69.8	1	1	0	0
QUAL	0	70.1	1	0	1	1
QUAL	0	70.3	1	0	1	0
QUAL	0	70.4	14	8	6	2
QUAL	0	70.7	0	0	0	1
QUAL	0	71.0	0	0	0	1
QUAL	0	71.2	0	0	0	2
QUAL	0	71.3	1	0	1	0
QUAL	0	71.4	13	9	4	0
QUAL	0	71.5	1	1	0	0
QUAL	0	71.8	1	1	0	0
QUAL	0	71.9	1	0	1	0
QUAL	0	72.4	2	1	1	2
QUAL	0	73.4	3	1	2	3
QUAL	0	74.4	12	7	5	5
QUAL	0	75.4	9	8	1	3
QUAL	0	75.8	1	1	0	0
QUAL	0	76.4	14	7	7	1
QUAL	0	76.9	1	1	0	0
QUAL	0	77.2	0	0	0	2
QUAL	0	77.4	21	14	7	4
QUAL	0	78.1	1	1	0	0
QUAL	0	78.2	0	0	0	1
QUAL	0	78.4	14	7	7	0
QUAL	0	79.2	1	1	0	0
QUAL	0	79.3	0	0	0	1
QUAL	0	79.4	19	12	7	3
QUAL	0	80.1	0	0	0	1
QUAL	0	80.4	22	18	4	0
QUAL	0	80.7	1	0	1	2
QUAL	0	80.8	0	0	0	1
QUAL	0	81.3	0	0	0	3
QUAL	0	81.4	23	10	13	2
QUAL	0	81.8	0	0	0	2
QUAL	0	82.3	0	0	0	1
QUAL	0	82.4	24	16	8	1
QUAL	0	82.8	0	0	0	3
QUAL	0	83.4	27	18	9	2
QUAL	0	83.5	0	0	0	3
QUAL	0	84.0	1	0	1	0
QUAL	0	84.4	12	8	4	1
QUAL	0	85.4	15	7	8	0
QUAL	0	86.3	0	0	0	2
QUAL	0	86.4	8	4	4	2
QUAL	0	86.7	0	0	0	1
QUAL	0	87.2	0	0	0	1
QUAL	0	87.4	5	3	2	5
QUAL	0	87.9	0	0	0	1
QUAL	0	88.3	0	0	0	4
QUAL	0	88.4	1	0	1	2
QUAL	0	89.4	2	0	2	6
QUAL	0	90.4	4	0	4	1
QUAL	0	91.3	1	1	0	0
QUAL	0	91.4	5	3	2	2
QUAL	0	92.0	1	1	0	0
QUAL	0	92.2	0	0	0	2
QUAL	0	92.4	2	2	0	0
QUAL	0	93.4	5	3	2	0
QUAL	0	94.1	1	1	0	0
QUAL	0	94.4	7	3	4	0
QUAL	0	95.4	13	7	6	5
QUAL	0	96.3	0	0	0	2
QUAL	0	96.4	16	12	4	1
QUAL	0	97.4	25	14	11	1
QUAL	0	98.1	0	0	0	1
QUAL	0	98.4	13	8	5	3
QUAL	0	98.8	1	1	0	0
QUAL	0	99.3	0	0	0	1
QUAL	0	99.4	2	1	1	7
QUAL	0	99.7	1	1	0	0
QUAL	0	100.3	0	0	0	1
QUAL	0	100.4	4	4	0	0
QUAL	0	100.9	0	0	0	1
QUAL	0	101.4	6	5	1	4
QUAL	0	102.1	0	0	0	1
QUAL	0	102.4	4	2	2	1
QUAL	0	102.7	1	1	0	0
QUAL	0	103.4	18	9	9	0
QUAL	0	104.4	9	6	3	1
QUAL	0	105.0	1	1	0	0
QUAL	0	105.4	8	4	4	3
QUAL	0	105.8	0	0	0	1
QUAL	0	106.3	0	0	0	2
QUAL	0	106.4	7	2	5	5
QUAL	0	106.8	0	0	0	1
QUAL	0	107.0	0	0	0	1
QUAL	0	107.3	0	0	0	1
QUAL	0	107.4	14	7	7	0
QUAL	0	108.4	3	3	0	0
QUAL	0	109.0	0	0	0	1
QUAL	0	109.1	0	0	0	1
QUAL	0	109.4	3	1	2	3
QUAL	0	110.4	10	3	7	0
QUAL	0	111.2	0	0	0	3
QUAL	0	111.4	6	4	2	2
QUAL	0	112.3	0	0	0	3
QUAL	0	112.4	6	2	4	3
QUAL	0	113.3	0	0	0	1
QUAL	0	113.4	7	5	2	1
QUAL	0	114.4	8	7	1	3
QUAL	0	115.1	2	0	2	0
QUAL	0	115.4	12	9	3	3
QUAL	0	116.2	0	0	0	1
QUAL	0	116.4	4	2	2	1
QUAL	0	117.0	0	0	0	1
QUAL	0	117.4	16	13	3	2
QUAL	0	118.1	0	0	0	1
QUAL	0	118.4	14	11	3	0
QUAL	0	119.4	11	6	5	1
QUAL	0	120.1	0	0	0	1
QUAL	0	120.2	1	0	1	0
QUAL	0	120.4	3	3	0	0
QUAL	0	121.4	3	1	2	0
QUAL	0	122.2	0	0	0	1
QUAL	0	122.4	4	4	0	1
QUAL	0	122.9	0	0	0	1
QUAL	0	123.1	0	0	0	1
QUAL	0	123.4	4	2	2	0
QUAL	0	124.2	1	0	1	2
QUAL	0	124.3	0	0	0	1
QUAL	0	124.4	12	8	4	0
QUAL	0	125.3	0	0	0	2
QUAL	0	125.4	7	4	3	1
QUAL	0	125.8	1	0	1	0
QUAL	0	126.1	1	1	0	0
QUAL	0	126.2	1	1	0	0
QUAL	0	126.4	7	6	1	2
QUAL	0	127.4	3	3	0	4
QUAL	0	128.2	0	0	0	1
QUAL	0	128.3	0	0	0	3
QUAL	0	128.4	7	3	4	1
QUAL	0	128.8	0	0	0	1
QUAL	0	128.9	0	0	0	1
QUAL	0	129.4	10	6	4	0
QUAL	0	130.4	12	7	5	2
QUAL	0	130.8	0	0	0	1
QUAL	0	131.2	1	1	0	0
QUAL	0	131.4	13	8	5	0
QUAL	0	132.2	1	0	1	0
QUAL	0	132.3	0	0	0	2
QUAL	0	132.4	12	6	6	0
QUAL	0	133.2	1	1	0	0
QUAL	0	133.4	4	4	0	3
QUAL	0	134.4	14	11	3	1
QUAL	0	135.0	0	0	0	1
QUAL	0	135.1	1	0	1	0
QUAL	0	135.3	0	0	0	1
QUAL	0	135.4	14	7	7	1
QUAL	0	136.2	0	0	0	1
QUAL	0	136.3	0	0	0	1
QUAL	0	136.4	7	2	5	0
QUAL	0	137.4	11	6	5	1
QUAL	0	138.2	1	0	1	0
QUAL	0	138.4	11	6	5	3
QUAL	0	139.4	7	5	2	1
QUAL	0	139.8	0	0	0	1
QUAL	0	140.4	12	7	5	0
QUAL	0	140.8	0	0	0	1
QUAL	0	141.4	7	3	4	1
QUAL	0	142.1	2	0	2	0
QUAL	0	142.3	1	1	0	0
QUAL	0	142.4	21	14	7	0
QUAL	0	143.3	0	0	0	1
QUAL	0	143.4	11	8	3	0
QUAL	0	144.4	9	8	1	0
QUAL	0	144.9	1	0	1	0
QUAL	0	145.3	2	2	0	0
QUAL	0	145.4	15	11	4	2
QUAL	0	146.4	13	6	7	0
QUAL	0	147.3	1	1	0	0
QUAL	0	147.4	3	3	0	1
QUAL	0	148.0	1	1	0	0
QUAL	0	148.4	7	4	3	1
QUAL	0	149.0	0	0	0	1
QUAL	0	149.4	10	6	4	1
QUAL	0	150.1	1	1	0	0
QUAL	0	150.4	4	2	2	0
QUAL	0	151.4	3	2	1	0
QUAL	0	152.2	1	0	1	0
QUAL	0	152.3	0	0	0	1
QUAL	0	152.4	12	8	4	1
QUAL	0	153.2	1	1	0	1
QUAL	0	153.4	2	1	1	0
QUAL	0	154.3	0	0	0	1
QUAL	0	154.4	12	8	4	1
QUAL	0	155.0	0	0	0	1
QUAL	0	155.4	12	7	5	2
QUAL	0	156.3	0	0	0	1
QUAL	0	156.4	13	6	7	1
QUAL	0	157.1	0	0	0	1
QUAL	0	157.4	13	10	3	2
QUAL	0	158.2	1	1	0	0
QUAL	0	158.4	10	10	0	1
QUAL	0	159.4	13	9	4	0
QUAL	0	160.1	0	0	0	1
QUAL	0	160.3	0	0	0	1
QUAL	0	160.4	16	15	1	0
QUAL	0	161.1	1	1	0	0
QUAL	0	161.3	2	1	1	2
QUAL	0	161.4	18	15	3	2
QUAL	0	162.4	16	11	5	4
QUAL	0	163.4	18	13	5	0
QUAL	0	164.2	1	0	1	0
QUAL	0	164.4	12	6	6	0
QUAL	0	165.3	1	0	1	0
QUAL	0	165.4	18	10	8	4
QUAL	0	166.4	17	12	5	0
QUAL	0	167.4	19	12	7	0
QUAL	0	168.4	13	11	2	1
QUAL	0	169.4	13	9	4	0
QUAL	0	170.2	1	1	0	1
QUAL	0	170.3	1	0	1	3
QUAL	0	170.4	18	12	6	1
QUAL	0	171.4	12	12	0	0
QUAL	0	172.3	1	1	0	0
QUAL	0	172.4	8	4	4	0
QUAL	0	173.3	1	0	1	1
QUAL	0	173.4	13	7	6	0
QUAL	0	174.2	0	0	0	1
QUAL	0	174.4	14	12	2	0
QUAL	0	175.3	0	0	0	2
QUAL	0	175.4	9	4	5	0
QUAL	0	176.0	1	0	1	1
QUAL	0	176.3	1	0	1	0
QUAL	0	176.4	9	7	2	0
QUAL	0	177.1	1	1	0	0
QUAL	0	177.3	2	2	0	1
QUAL	0	177.4	16	13	3	0
QUAL	0	178.3	2	1	1	0
QUAL	0	178.4	18	10	8	0
QUAL	0	179.3	2	1	1	0
QUAL	0	179.4	9	6	3	0
QUAL	0	180.1	0	0	0	1
QUAL	0	180.2	0	0	0	1
QUAL	0	180.3	1	0	1	0
QUAL	0	180.4	12	9	3	0
QUAL	0	181.4	9	2	7	0
QUAL	0	182.1	1	0	1	0
QUAL	0	182.4	13	8	5	0
QUAL	0	183.3	0	0	0	1
QUAL	0	183.4	16	8	8	1
QUAL	0	184.4	6	3	3	0
QUAL	0	185.3	1	1	0	0
QUAL	0	185.4	14	9	5	1
QUAL	0	186.2	0	0	0	1
QUAL	0	186.3	2	1	1	0
QUAL	0	186.4	16	10	6	1
QUAL	0	187.3	1	1	0	0
QUAL	0	187.4	18	11	7	0
QUAL	0	188.3	3	2	1	0
QUAL	0	188.4	13	7	6	0
QUAL	0	189.4	18	9	9	0
QUAL	0	190.3	2	0	2	0
QUAL	0	190.4	20	15	5	0
QUAL	0	191.3	2	1	1	1
QUAL	0	191.4	20	9	11	0
QUAL	0	192.3	1	0	1	0
QUAL	0	192.4	20	7	13	0
QUAL	0	193.4	21	15	6	0
QUAL	0	194.2	1	1	0	0
QUAL	0	194.4	20	17	3	0
QUAL	0	194.9	1	0	1	0
QUAL	0	195.2	1	1	0	0
QUAL	0	195.3	3	1	2	0
QUAL	0	195.4	16	8	8	0
QUAL	0	196.3	1	0	1	0
QUAL	0	196.4	24	12	12	0
QUAL	0	197.3	2	2	0	0
QUAL	0	197.4	22	16	6	1
QUAL	0	198.3	1	1	0	0
QUAL	0	198.4	14	8	6	0
QUAL	0	199.3	1	1	0	0
QUAL	0	199.4	23	14	9	0
QUAL	0	199.9	1	1	0	0
QUAL	0	200.2	1	1	0	0
QUAL	0	200.4	9	6	3	0
QUAL	0	201.1	0	0	0	1
QUAL	0	201.3	1	0	1	0
QUAL	0	201.4	28	21	7	0
QUAL	0	202.3	2	1	1	0
QUAL	0	202.4	20	12	8	3
QUAL	0	203.3	2	2	0	0
QUAL	0	203.4	33	22	11	0
QUAL	0	203.9	1	1	0	0
QUAL	0	204.3	1	1	0	2
QUAL	0	204.4	19	14	5	1
QUAL	0	205.3	1	1	0	0
QUAL	0	205.4	26	20	6	0
QUAL	0	205.9	1	1	0	0
QUAL	0	206.0	0	0	0	1
QUAL	0	206.3	1	1	0	0
QUAL	0	206.4	23	13	10	0
QUAL	0	207.4	14	8	6	0
QUAL	0	207.8	0	0	0	1
QUAL	0	208.4	17	12	5	1
QUAL	0	209.2	1	1	0	0
QUAL	0	209.3	0	0	0	2
QUAL	0	209.4	16	13	3	0
QUAL	0	210.3	1	1	0	0
QUAL	0	210.4	24	17	7	0
QUAL	0	211.3	1	0	1	0
QUAL	0	211.4	23	17	6	0
QUAL	0	212.4	15	8	7	0
QUAL	0	213.4	15	11	4	0
QUAL	0	214.2	0	0	0	1
QUAL	0	214.3	0	0	0	1
QUAL	0	214.4	19	13	6	0
QUAL	0	215.4	31	22	9	0
QUAL	0	216.4	14	10	4	1
QUAL	0	217.4	12	5	7	0
QUAL	0	218.1	0	0	0	1
QUAL	0	218.4	19	13	6	0
QUAL	0	219.3	1	1	0	0
QUAL	0	219.4	21	14	7	1
QUAL	0	220.1	1	0	1	0
QUAL	0	220.4	23	14	9	0
QUAL	0	221.3	2	1	1	0
QUAL	0	221.4	15	12	3	0
QUAL	0	222.3	1	0	1	1
QUAL	0	222.4	25	19	6	0
QUAL	0	223.2	1	1	0	0
QUAL	0	223.4	21	15	6	0
QUAL	0	224.3	1	1	0	0
QUAL	0	224.4	26	16	10	1
QUAL	0	225.1	0	0	0	1
QUAL	0	225.3	1	1	0	0
QUAL	0	225.4	29322	21246	8076	7
QUAL	0	226.2	1	1	0	0
QUAL	0	226.3	1	1	0	0
QUAL	0	227.2	1	1	0	0
QUAL	0	227.3	3	2	1	0
QUAL	0	227.9	1	1	0	0
QUAL	0	228.0	2	2	0	0
QUAL	0	228.1	4	0	4	0
QUAL	0	228.2	4	2	2	12
QUAL	0	228.3	82	43	39	117
QUAL	0	228.4	389	258	131	17
# IDD, InDel distribution:
# IDD	[2]id	[3]length (deletions negative)	[4]number of sites	[5]number of genotypes	[6]mean VAF
IDD	0	-13	1	0	.
IDD	0	-10	2	0	.
IDD	0	-8	2	0	.
IDD	0	-7	1	0	.
IDD	0	-6	7	0	.
IDD	0	-5	2	0	.
IDD	0	-4	3	0	.
IDD	0	-3	8	0	.
IDD	0	-2	16	0	.
IDD	0	-1	97	0	.
IDD	0	1	114	0	.
IDD	0	2	61	0	.
IDD	0	3	40	0	.
IDD	0	4	46	0	.
IDD	0	5	42	0	.
IDD	0	6	41	0	.
IDD	0	7	39	0	.
IDD	0	8	28	0	.
IDD	0	9	21	0	.
IDD	0	10	24	0	.
IDD	0	11	14	0	.
IDD	0	12	14	0	.
IDD	0	13	4	0	.
IDD	0	14	5	0	.
IDD	0	15	8	0	.
IDD	0	16	1	0	.
# ST, Substitution types:
# ST	[2]id	[3]type	[4]count
ST	0	A>C	1252
ST	0	A>G	5837
ST	0	A>T	1158
ST	0	C>A	1314
ST	0	C>G	895
ST	0	C>T	5815
ST	0	G>A	5965
ST	0	G>C	941
ST	0	G>T	1336
ST	0	T>A	1176
ST	0	T>C	5640
ST	0	T>G	1233
# DP, depth:
#   - set id, see above
#   - the depth bin, corresponds to the depth (unless --depth was given)
#   - number of genotypes with this depth (zero unless -s/-S was given)
#   - fraction of genotypes with this depth (zero unless -s/-S was given)
#   - number of sites with this depth
#   - fraction of sites with this depth
# DP, Depth distribution
# DP	[2]id	[3]bin	[4]number of genotypes	[5]fraction of genotypes (%)	[6]number of sites	[7]fraction of sites (%)
DP	0	1	0	0.000000	21	0.063247
DP	0	2	0	0.000000	113	0.340331
DP	0	3	0	0.000000	100	0.301178
DP	0	4	0	0.000000	110	0.331295
DP	0	5	0	0.000000	65	0.195765
DP	0	6	0	0.000000	92	0.277083
DP	0	7	0	0.000000	75	0.225883
DP	0	8	0	0.000000	75	0.225883
DP	0	9	0	0.000000	56	0.168659
DP	0	10	0	0.000000	89	0.268048
DP	0	11	0	0.000000	71	0.213836
DP	0	12	0	0.000000	80	0.240942
DP	0	13	0	0.000000	79	0.237930
DP	0	14	0	0.000000	80	0.240942
DP	0	15	0	0.000000	68	0.204801
DP	0	16	0	0.000000	70	0.210824
DP	0	17	0	0.000000	74	0.222871
DP	0	18	0	0.000000	82	0.246966
DP	0	19	0	0.000000	78	0.234919
DP	0	20	0	0.000000	68	0.204801
DP	0	21	0	0.000000	55	0.165648
DP	0	22	0	0.000000	53	0.159624
DP	0	23	0	0.000000	57	0.171671
DP	0	24	0	0.000000	52	0.156612
DP	0	25	0	0.000000	42	0.126495
DP	0	26	0	0.000000	50	0.150589
DP	0	27	0	0.000000	40	0.120471
DP	0	28	0	0.000000	42	0.126495
DP	0	29	0	0.000000	50	0.150589
DP	0	30	0	0.000000	62	0.186730
DP	0	31	0	0.000000	43	0.129506
DP	0	32	0	0.000000	43	0.129506
DP	0	33	0	0.000000	45	0.135530
DP	0	34	0	0.000000	49	0.147577
DP	0	35	0	0.000000	35	0.105412
DP	0	36	0	0.000000	36	0.108424
DP	0	37	0	0.000000	43	0.129506
DP	0	38	0	0.000000	36	0.108424
DP	0	39	0	0.000000	41	0.123483
DP	0	40	0	0.000000	30	0.090353
DP	0	41	0	0.000000	46	0.138542
DP	0	42	0	0.000000	30	0.090353
DP	0	43	0	0.000000	40	0.120471
DP	0	44	0	0.000000	27	0.081318
DP	0	45	0	0.000000	32	0.096377
DP	0	46	0	0.000000	30	0.090353
DP	0	47	0	0.000000	36	0.108424
DP	0	48	0	0.000000	48	0.144565
DP	0	49	0	0.000000	40	0.120471
DP	0	50	0	0.000000	29	0.087342
DP	0	51	0	0.000000	34	0.102400
DP	0	52	0	0.000000	49	0.147577
DP	0	53	0	0.000000	34	0.102400
DP	0	54	0	0.000000	36	0.108424
DP	0	55	0	0.000000	42	0.126495
DP	0	56	0	0.000000	36	0.108424
DP	0	57	0	0.000000	42	0.126495
DP	0	58	0	0.000000	42	0.126495
DP	0	59	0	0.000000	46	0.138542
DP	0	60	0	0.000000	47	0.141553
DP	0	61	0	0.000000	54	0.162636
DP	0	62	0	0.000000	46	0.138542
DP	0	63	0	0.000000	41	0.123483
DP	0	64	0	0.000000	36	0.108424
DP	0	65	0	0.000000	37	0.111436
DP	0	66	0	0.000000	57	0.171671
DP	0	67	0	0.000000	34	0.102400
DP	0	68	0	0.000000	31	0.093365
DP	0	69	0	0.000000	33	0.099389
DP	0	70	0	0.000000	51	0.153601
DP	0	71	0	0.000000	36	0.108424
DP	0	72	0	0.000000	31	0.093365
DP	0	73	0	0.000000	37	0.111436
DP	0	74	0	0.000000	47	0.141553
DP	0	75	0	0.000000	34	0.102400
DP	0	76	0	0.000000	35	0.105412
DP	0	77	0	0.000000	33	0.099389
DP	0	78	0	0.000000	34	0.102400
DP	0	79	0	0.000000	38	0.114447
DP	0	80	0	0.000000	35	0.105412
DP	0	81	0	0.000000	41	0.123483
DP	0	82	0	0.000000	44	0.132518
DP	0	83	0	0.000000	34	0.102400
DP	0	84	0	0.000000	41	0.123483
DP	0	85	0	0.000000	53	0.159624
DP	0	86	0	0.000000	55	0.165648
DP	0	87	0	0.000000	52	0.156612
DP	0	88	0	0.000000	56	0.168659
DP	0	89	0	0.000000	56	0.168659
DP	0	90	0	0.000000	76	0.228895
DP	0	91	0	0.000000	66	0.198777
DP	0	92	0	0.000000	66	0.198777
DP	0	93	0	0.000000	63	0.189742
DP	0	94	0	0.000000	69	0.207813
DP	0	95	0	0.000000	72	0.216848
DP	0	96	0	0.000000	80	0.240942
DP	0	97	0	0.000000	89	0.268048
DP	0	98	0	0.000000	78	0.234919
DP	0	99	0	0.000000	67	0.201789
DP	0	100	0	0.000000	91	0.274072
DP	0	101	0	0.000000	102	0.307201
DP	0	102	0	0.000000	91	0.274072
DP	0	103	0	0.000000	111	0.334307
DP	0	104	0	0.000000	112	0.337319
DP	0	105	0	0.000000	89	0.268048
DP	0	106	0	0.000000	135	0.406590
DP	0	107	0	0.000000	153	0.460802
DP	0	108	0	0.000000	126	0.379484
DP	0	109	0	0.000000	153	0.460802
DP	0	110	0	0.000000	141	0.424660
DP	0	111	0	0.000000	164	0.493931
DP	0	112	0	0.000000	201	0.605367
DP	0	113	0	0.000000	178	0.536096
DP	0	114	0	0.000000	204	0.614402
DP	0	115	0	0.000000	194	0.584285
DP	0	116	0	0.000000	191	0.575249
DP	0	117	0	0.000000	197	0.593320
DP	0	118	0	0.000000	195	0.587296
DP	0	119	0	0.000000	226	0.680661
DP	0	120	0	0.000000	220	0.662591
DP	0	121	0	0.000000	209	0.629461
DP	0	122	0	0.000000	217	0.653555
DP	0	123	0	0.000000	212	0.638497
DP	0	124	0	0.000000	210	0.632473
DP	0	125	0	0.000000	210	0.632473
DP	0	126	0	0.000000	219	0.659579
DP	0	127	0	0.000000	226	0.680661
DP	0	128	0	0.000000	221	0.665603
DP	0	129	0	0.000000	210	0.632473
DP	0	130	0	0.000000	205	0.617414
DP	0	131	0	0.000000	198	0.596332
DP	0	132	0	0.000000	239	0.719814
DP	0	133	0	0.000000	239	0.719814
DP	0	134	0	0.000000	225	0.677650
DP	0	135	0	0.000000	200	0.602355
DP	0	136	0	0.000000	224	0.674638
DP	0	137	0	0.000000	214	0.644520
DP	0	138	0	0.000000	193	0.581273
DP	0	139	0	0.000000	215	0.647532
DP	0	140	0	0.000000	195	0.587296
DP	0	141	0	0.000000	190	0.572237
DP	0	142	0	0.000000	157	0.472849
DP	0	143	0	0.000000	177	0.533084
DP	0	144	0	0.000000	192	0.578261
DP	0	145	0	0.000000	172	0.518025
DP	0	146	0	0.000000	183	0.551155
DP	0	147	0	0.000000	182	0.548143
DP	0	148	0	0.000000	152	0.457790
DP	0	149	0	0.000000	153	0.460802
DP	0	150	0	0.000000	172	0.518025
DP	0	151	0	0.000000	173	0.521037
DP	0	152	0	0.000000	154	0.463814
DP	0	153	0	0.000000	186	0.560190
DP	0	154	0	0.000000	150	0.451766
DP	0	155	0	0.000000	163	0.490919
DP	0	156	0	0.000000	152	0.457790
DP	0	157	0	0.000000	150	0.451766
DP	0	158	0	0.000000	162	0.487908
DP	0	159	0	0.000000	153	0.460802
DP	0	160	0	0.000000	167	0.502967
DP	0	161	0	0.000000	138	0.415625
DP	0	162	0	0.000000	169	0.508990
DP	0	163	0	0.000000	150	0.451766
DP	0	164	0	0.000000	157	0.472849
DP	0	165	0	0.000000	144	0.433696
DP	0	166	0	0.000000	161	0.484896
DP	0	167	0	0.000000	157	0.472849
DP	0	168	0	0.000000	157	0.472849
DP	0	169	0	0.000000	172	0.518025
DP	0	170	0	0.000000	179	0.539108
DP	0	171	0	0.000000	178	0.536096
DP	0	172	0	0.000000	165	0.496943
DP	0	173	0	0.000000	150	0.451766
DP	0	174	0	0.000000	155	0.466825
DP	0	175	0	0.000000	144	0.433696
DP	0	176	0	0.000000	152	0.457790
DP	0	177	0	0.000000	180	0.542120
DP	0	178	0	0.000000	163	0.490919
DP	0	179	0	0.000000	158	0.475861
DP	0	180	0	0.000000	149	0.448755
DP	0	181	0	0.000000	188	0.566214
DP	0	182	0	0.000000	155	0.466825
DP	0	183	0	0.000000	151	0.454778
DP	0	184	0	0.000000	174	0.524049
DP	0	185	0	0.000000	173	0.521037
DP	0	186	0	0.000000	168	0.505978
DP	0	187	0	0.000000	172	0.518025
DP	0	188	0	0.000000	155	0.466825
DP	0	189	0	0.000000	167	0.502967
DP	0	190	0	0.000000	164	0.493931
DP	0	191	0	0.000000	145	0.436708
DP	0	192	0	0.000000	155	0.466825
DP	0	193	0	0.000000	201	0.605367
DP	0	194	0	0.000000	187	0.563202
DP	0	195	0	0.000000	156	0.469837
DP	0	196	0	0.000000	182	0.548143
DP	0	197	0	0.000000	172	0.518025
DP	0	198	0	0.000000	152	0.457790
DP	0	199	0	0.000000	181	0.545131
DP	0	200	0	0.000000	187	0.563202
DP	0	201	0	0.000000	152	0.457790
DP	0	202	0	0.000000	171	0.515014
DP	0	203	0	0.000000	174	0.524049
DP	0	204	0	0.000000	176	0.530073
DP	0	205	0	0.000000	173	0.521037
DP	0	206	0	0.000000	176	0.530073
DP	0	207	0	0.000000	155	0.466825
DP	0	208	0	0.000000	173	0.521037
DP	0	209	0	0.000000	177	0.533084
DP	0	210	0	0.000000	158	0.475861
DP	0	211	0	0.000000	172	0.518025
DP	0	212	0	0.000000	160	0.481884
DP	0	213	0	0.000000	162	0.487908
DP	0	214	0	0.000000	157	0.472849
DP	0	215	0	0.000000	151	0.454778
DP	0	216	0	0.000000	143	0.430684
DP	0	217	0	0.000000	149	0.448755
DP	0	218	0	0.000000	155	0.466825
DP	0	219	0	0.000000	134	0.403578
DP	0	220	0	0.000000	168	0.505978
DP	0	221	0	0.000000	135	0.406590
DP	0	222	0	0.000000	135	0.406590
DP	0	223	0	0.000000	152	0.457790
DP	0	224	0	0.000000	162	0.487908
DP	0	225	0	0.000000	137	0.412613
DP	0	226	0	0.000000	144	0.433696
DP	0	227	0	0.000000	154	0.463814
DP	0	228	0	0.000000	144	0.433696
DP	0	229	0	0.000000	170	0.512002
DP	0	230	0	0.000000	160	0.481884
DP	0	231	0	0.000000	159	0.478872
DP	0	232	0	0.000000	138	0.415625
DP	0	233	0	0.000000	142	0.427672
DP	0	234	0	0.000000	134	0.403578
DP	0	235	0	0.000000	136	0.409602
DP	0	236	0	0.000000	131	0.394543
DP	0	237	0	0.000000	142	0.427672
DP	0	238	0	0.000000	129	0.388519
DP	0	239	0	0.000000	127	0.382496
DP	0	240	0	0.000000	133	0.400566
DP	0	241	0	0.000000	133	0.400566
DP	0	242	0	0.000000	122	0.367437
DP	0	243	0	0.000000	124	0.373460
DP	0	244	0	0.000000	128	0.385507
DP	0	245	0	0.000000	129	0.388519
DP	0	246	0	0.000000	120	0.361413
DP	0	247	0	0.000000	120	0.361413
DP	0	248	0	0.000000	119	0.358401
DP	0	249	0	0.000000	116	0.349366
DP	0	250	0	0.000000	110	0.331295
DP	0	251	0	0.000000	82	0.246966
DP	0	252	0	0.000000	98	0.295154
DP	0	253	0	0.000000	109	0.328284
DP	0	254	0	0.000000	79	0.237930
DP	0	255	0	0.000000	97	0.292142
DP	0	256	0	0.000000	80	0.240942
DP	0	257	0	0.000000	70	0.210824
DP	0	258	0	0.000000	78	0.234919
DP	0	259	0	0.000000	95	0.286119
DP	0	260	0	0.000000	77	0.231907
DP	0	261	0	0.000000	84	0.252989
DP	0	262	0	0.000000	79	0.237930
DP	0	263	0	0.000000	55	0.165648
DP	0	264	0	0.000000	69	0.207813
DP	0	265	0	0.000000	65	0.195765
DP	0	266	0	0.000000	54	0.162636
DP	0	267	0	0.000000	59	0.177695
DP	0	268	0	0.000000	65	0.195765
DP	0	269	0	0.000000	72	0.216848
DP	0	270	0	0.000000	50	0.150589
DP	0	271	0	0.000000	69	0.207813
DP	0	272	0	0.000000	63	0.189742
DP	0	273	0	0.000000	59	0.177695
DP	0	274	0	0.000000	53	0.159624
DP	0	275	0	0.000000	64	0.192754
DP	0	276	0	0.000000	49	0.147577
DP	0	277	0	0.000000	61	0.183718
DP	0	278	0	0.000000	57	0.171671
DP	0	279	0	0.000000	59	0.177695
DP	0	280	0	0.000000	49	0.147577
DP	0	281	0	0.000000	45	0.135530
DP	0	282	0	0.000000	43	0.129506
DP	0	283	0	0.000000	46	0.138542
DP	0	284	0	0.000000	39	0.117459
DP	0	285	0	0.000000	41	0.123483
DP	0	286	0	0.000000	36	0.108424
DP	0	287	0	0.000000	41	0.123483
DP	0	288	0	0.000000	42	0.126495
DP	0	289	0	0.000000	35	0.105412
DP	0	290	0	0.000000	40	0.120471
DP	0	291	0	0.000000	42	0.126495
DP	0	292	0	0.000000	30	0.090353
DP	0	293	0	0.000000	28	0.084330
DP	0	294	0	0.000000	21	0.063247
DP	0	295	0	0.000000	32	0.096377
DP	0	296	0	0.000000	30	0.090353
DP	0	297	0	0.000000	29	0.087342
DP	0	298	0	0.000000	20	0.060236
DP	0	299	0	0.000000	25	0.075294
DP	0	300	0	0.000000	30	0.090353
DP	0	301	0	0.000000	27	0.081318
DP	0	302	0	0.000000	23	0.069271
DP	0	303	0	0.000000	29	0.087342
DP	0	304	0	0.000000	26	0.078306
DP	0	305	0	0.000000	28	0.084330
DP	0	306	0	0.000000	23	0.069271
DP	0	307	0	0.000000	21	0.063247
DP	0	308	0	0.000000	24	0.072283
DP	0	309	0	0.000000	20	0.060236
DP	0	310	0	0.000000	17	0.051200
DP	0	311	0	0.000000	15	0.045177
DP	0	312	0	0.000000	15	0.045177
DP	0	313	0	0.000000	14	0.042165
DP	0	314	0	0.000000	21	0.063247
DP	0	315	0	0.000000	12	0.036141
DP	0	316	0	0.000000	14	0.042165
DP	0	317	0	0.000000	9	0.027106
DP	0	318	0	0.000000	9	0.027106
DP	0	319	0	0.000000	5	0.015059
DP	0	320	0	0.000000	13	0.039153
DP	0	321	0	0.000000	7	0.021082
DP	0	322	0	0.000000	7	0.021082
DP	0	323	0	0.000000	7	0.021082
DP	0	324	0	0.000000	6	0.018071
DP	0	325	0	0.000000	6	0.018071
DP	0	326	0	0.000000	5	0.015059
DP	0	327	0	0.000000	2	0.006024
DP	0	328	0	0.000000	9	0.027106
DP	0	329	0	0.000000	6	0.018071
DP	0	330	0	0.000000	2	0.006024
DP	0	331	0	0.000000	2	0.006024
DP	0	332	0	0.000000	7	0.021082
DP	0	334	0	0.000000	2	0.006024
DP	0	335	0	0.000000	6	0.018071
DP	0	336	0	0.000000	6	0.018071
DP	0	337	0	0.000000	2	0.006024
DP	0	339	0	0.000000	3	0.009035
DP	0	340	0	0.000000	3	0.009035
DP	0	342	0	0.000000	2	0.006024
DP	0	343	0	0.000000	1	0.003012
DP	0	344	0	0.000000	2	0.006024
DP	0	346	0	0.000000	3	0.009035
DP	0	347	0	0.000000	1	0.003012
DP	0	349	0	0.000000	1	0.003012
DP	0	350	0	0.000000	1	0.003012
DP	0	353	0	0.000000	1	0.003012
DP	0	354	0	0.000000	1	0.003012
DP	0	356	0	0.000000	1	0.003012
DP	0	357	0	0.000000	2	0.006024
DP	0	358	0	0.000000	1	0.003012
DP	0	362	0	0.000000	1	0.003012
DP	0	363	0	0.000000	1	0.003012
DP	0	367	0	0.000000	1	0.003012
DP	0	373	0	0.000000	1	0.003012
DP	0	375	0	0.000000	1	0.003012
